"ID","StockID","FisheryID","ShakerInclusionFlag"
1,1,1,0
2,1,2,0
3,1,3,0
4,1,4,0
5,1,5,1
6,1,6,1
7,1,7,0
8,1,8,0
9,1,9,1
10,1,10,1
11,1,11,1
12,1,12,0
13,1,13,1
14,1,14,1
15,1,15,1
16,1,16,1
17,1,17,1
18,1,18,1
19,1,19,1
20,1,20,0
21,1,21,1
22,1,22,0
23,1,23,0
24,1,24,0
25,1,25,0
26,1,26,0
27,1,27,0
28,1,28,0
29,1,29,0
30,1,30,1
31,1,31,0
32,1,32,0
33,1,33,0
34,1,34,0
35,1,35,0
36,1,36,1
37,1,37,1
38,1,38,1
39,1,39,1
40,1,40,1
41,1,41,1
42,1,42,1
43,1,43,1
44,1,44,1
45,1,45,0
46,1,46,1
47,1,47,1
48,1,48,0
49,1,49,0
50,1,50,0
51,1,51,0
52,1,52,0
53,1,53,0
54,1,54,0
55,1,55,0
56,1,56,0
57,1,57,0
58,1,58,0
59,1,59,0
60,1,60,0
61,1,61,0
62,1,62,0
63,1,63,0
64,1,64,0
65,1,65,0
66,1,66,0
67,1,67,0
68,1,68,0
69,1,69,0
70,1,70,0
71,1,71,0
72,1,72,0
73,1,73,1
74,2,1,1
75,2,2,0
76,2,3,0
77,2,4,0
78,2,5,0
79,2,6,0
80,2,7,0
81,2,8,0
82,2,9,1
83,2,10,0
84,2,11,0
85,2,12,1
86,2,13,1
87,2,14,1
88,2,15,1
89,2,16,0
90,2,17,1
91,2,18,0
92,2,19,0
93,2,20,0
94,2,21,0
95,2,22,0
96,2,23,0
97,2,24,0
98,2,25,0
99,2,26,0
100,2,27,0
101,2,28,0
102,2,29,0
103,2,30,0
104,2,31,0
105,2,32,0
106,2,33,0
107,2,34,0
108,2,35,0
109,2,36,1
110,2,37,0
111,2,38,0
112,2,39,1
113,2,40,1
114,2,41,0
115,2,42,0
116,2,43,0
117,2,44,0
118,2,45,0
119,2,46,0
120,2,47,0
121,2,48,0
122,2,49,0
123,2,50,0
124,2,51,0
125,2,52,0
126,2,53,0
127,2,54,0
128,2,55,0
129,2,56,0
130,2,57,0
131,2,58,0
132,2,59,0
133,2,60,0
134,2,61,0
135,2,62,0
136,2,63,0
137,2,64,0
138,2,65,0
139,2,66,0
140,2,67,0
141,2,68,0
142,2,69,0
143,2,70,0
144,2,71,0
145,2,72,0
146,2,73,0
147,3,1,1
148,3,2,0
149,3,3,0
150,3,4,0
151,3,5,1
152,3,6,1
153,3,7,0
154,3,8,0
155,3,9,1
156,3,10,0
157,3,11,0
158,3,12,1
159,3,13,1
160,3,14,1
161,3,15,1
162,3,16,0
163,3,17,1
164,3,18,0
165,3,19,0
166,3,20,0
167,3,21,0
168,3,22,0
169,3,23,0
170,3,24,0
171,3,25,0
172,3,26,0
173,3,27,0
174,3,28,0
175,3,29,0
176,3,30,0
177,3,31,0
178,3,32,0
179,3,33,0
180,3,34,0
181,3,35,0
182,3,36,1
183,3,37,1
184,3,38,1
185,3,39,1
186,3,40,1
187,3,41,1
188,3,42,1
189,3,43,0
190,3,44,0
191,3,45,0
192,3,46,0
193,3,47,0
194,3,48,0
195,3,49,0
196,3,50,0
197,3,51,0
198,3,52,0
199,3,53,0
200,3,54,0
201,3,55,0
202,3,56,0
203,3,57,0
204,3,58,0
205,3,59,0
206,3,60,0
207,3,61,0
208,3,62,0
209,3,63,0
210,3,64,0
211,3,65,0
212,3,66,0
213,3,67,0
214,3,68,0
215,3,69,0
216,3,70,0
217,3,71,0
218,3,72,1
219,3,73,0
220,4,1,1
221,4,2,0
222,4,3,1
223,4,4,0
224,4,5,0
225,4,6,1
226,4,7,0
227,4,8,1
228,4,9,1
229,4,10,1
230,4,11,1
231,4,12,1
232,4,13,1
233,4,14,1
234,4,15,1
235,4,16,0
236,4,17,0
237,4,18,0
238,4,19,0
239,4,20,0
240,4,21,0
241,4,22,0
242,4,23,0
243,4,24,0
244,4,25,0
245,4,26,0
246,4,27,0
247,4,28,0
248,4,29,0
249,4,30,0
250,4,31,0
251,4,32,0
252,4,33,0
253,4,34,0
254,4,35,0
255,4,36,0
256,4,37,1
257,4,38,1
258,4,39,1
259,4,40,1
260,4,41,0
261,4,42,0
262,4,43,0
263,4,44,1
264,4,45,1
265,4,46,1
266,4,47,1
267,4,48,0
268,4,49,0
269,4,50,1
270,4,51,0
271,4,52,0
272,4,53,0
273,4,54,0
274,4,55,0
275,4,56,0
276,4,57,0
277,4,58,0
278,4,59,0
279,4,60,0
280,4,61,0
281,4,62,0
282,4,63,0
283,4,64,0
284,4,65,0
285,4,66,0
286,4,67,0
287,4,68,0
288,4,69,0
289,4,70,0
290,4,71,0
291,4,72,0
292,4,73,1
293,5,1,0
294,5,2,0
295,5,3,0
296,5,4,1
297,5,5,1
298,5,6,0
299,5,7,0
300,5,8,1
301,5,9,1
302,5,10,1
303,5,11,1
304,5,12,1
305,5,13,1
306,5,14,1
307,5,15,1
308,5,16,1
309,5,17,0
310,5,18,0
311,5,19,0
312,5,20,0
313,5,21,0
314,5,22,0
315,5,23,0
316,5,24,0
317,5,25,0
318,5,26,0
319,5,27,0
320,5,28,0
321,5,29,0
322,5,30,0
323,5,31,0
324,5,32,0
325,5,33,0
326,5,34,0
327,5,35,0
328,5,36,0
329,5,37,1
330,5,38,1
331,5,39,1
332,5,40,1
333,5,41,1
334,5,42,1
335,5,43,1
336,5,44,1
337,5,45,1
338,5,46,1
339,5,47,1
340,5,48,0
341,5,49,0
342,5,50,1
343,5,51,0
344,5,52,0
345,5,53,1
346,5,54,0
347,5,55,0
348,5,56,1
349,5,57,1
350,5,58,0
351,5,59,1
352,5,60,0
353,5,61,0
354,5,62,0
355,5,63,0
356,5,64,1
357,5,65,1
358,5,66,1
359,5,67,1
360,5,68,1
361,5,69,1
362,5,70,1
363,5,71,1
364,5,72,0
365,5,73,0
366,6,1,0
367,6,2,0
368,6,3,0
369,6,4,0
370,6,5,1
371,6,6,1
372,6,7,0
373,6,8,1
374,6,9,0
375,6,10,1
376,6,11,1
377,6,12,0
378,6,13,1
379,6,14,1
380,6,15,1
381,6,16,1
382,6,17,0
383,6,18,0
384,6,19,0
385,6,20,0
386,6,21,0
387,6,22,0
388,6,23,0
389,6,24,0
390,6,25,0
391,6,26,0
392,6,27,0
393,6,28,0
394,6,29,0
395,6,30,0
396,6,31,0
397,6,32,0
398,6,33,0
399,6,34,0
400,6,35,0
401,6,36,1
402,6,37,1
403,6,38,1
404,6,39,0
405,6,40,1
406,6,41,1
407,6,42,1
408,6,43,1
409,6,44,1
410,6,45,1
411,6,46,0
412,6,47,0
413,6,48,0
414,6,49,1
415,6,50,1
416,6,51,0
417,6,52,0
418,6,53,1
419,6,54,0
420,6,55,0
421,6,56,1
422,6,57,1
423,6,58,1
424,6,59,1
425,6,60,0
426,6,61,0
427,6,62,0
428,6,63,0
429,6,64,0
430,6,65,0
431,6,66,0
432,6,67,1
433,6,68,0
434,6,69,0
435,6,70,0
436,6,71,0
437,6,72,0
438,6,73,1
439,7,1,0
440,7,2,0
441,7,3,0
442,7,4,0
443,7,5,0
444,7,6,0
445,7,7,0
446,7,8,0
447,7,9,0
448,7,10,0
449,7,11,0
450,7,12,0
451,7,13,1
452,7,14,1
453,7,15,1
454,7,16,1
455,7,17,1
456,7,18,0
457,7,19,0
458,7,20,0
459,7,21,0
460,7,22,0
461,7,23,0
462,7,24,0
463,7,25,0
464,7,26,0
465,7,27,0
466,7,28,0
467,7,29,0
468,7,30,0
469,7,31,0
470,7,32,0
471,7,33,0
472,7,34,0
473,7,35,0
474,7,36,1
475,7,37,0
476,7,38,0
477,7,39,0
478,7,40,0
479,7,41,0
480,7,42,0
481,7,43,0
482,7,44,0
483,7,45,1
484,7,46,0
485,7,47,0
486,7,48,0
487,7,49,1
488,7,50,1
489,7,51,0
490,7,52,0
491,7,53,0
492,7,54,0
493,7,55,0
494,7,56,0
495,7,57,0
496,7,58,0
497,7,59,0
498,7,60,0
499,7,61,0
500,7,62,0
501,7,63,0
502,7,64,0
503,7,65,0
504,7,66,0
505,7,67,0
506,7,68,0
507,7,69,0
508,7,70,0
509,7,71,0
510,7,72,0
511,7,73,0
512,8,1,0
513,8,2,0
514,8,3,0
515,8,4,1
516,8,5,1
517,8,6,1
518,8,7,0
519,8,8,0
520,8,9,0
521,8,10,1
522,8,11,1
523,8,12,1
524,8,13,1
525,8,14,1
526,8,15,1
527,8,16,1
528,8,17,1
529,8,18,0
530,8,19,0
531,8,20,0
532,8,21,0
533,8,22,0
534,8,23,0
535,8,24,0
536,8,25,0
537,8,26,0
538,8,27,0
539,8,28,0
540,8,29,0
541,8,30,0
542,8,31,0
543,8,32,0
544,8,33,0
545,8,34,0
546,8,35,0
547,8,36,1
548,8,37,1
549,8,38,1
550,8,39,1
551,8,40,1
552,8,41,1
553,8,42,1
554,8,43,0
555,8,44,0
556,8,45,1
557,8,46,0
558,8,47,1
559,8,48,0
560,8,49,1
561,8,50,1
562,8,51,0
563,8,52,0
564,8,53,1
565,8,54,0
566,8,55,0
567,8,56,1
568,8,57,1
569,8,58,0
570,8,59,0
571,8,60,0
572,8,61,0
573,8,62,0
574,8,63,0
575,8,64,1
576,8,65,1
577,8,66,1
578,8,67,0
579,8,68,1
580,8,69,1
581,8,70,1
582,8,71,1
583,8,72,0
584,8,73,0
585,9,1,1
586,9,2,0
587,9,3,0
588,9,4,0
589,9,5,0
590,9,6,1
591,9,7,0
592,9,8,0
593,9,9,1
594,9,10,1
595,9,11,1
596,9,12,0
597,9,13,1
598,9,14,1
599,9,15,1
600,9,16,1
601,9,17,1
602,9,18,0
603,9,19,0
604,9,20,0
605,9,21,0
606,9,22,0
607,9,23,0
608,9,24,0
609,9,25,0
610,9,26,0
611,9,27,0
612,9,28,0
613,9,29,0
614,9,30,0
615,9,31,0
616,9,32,0
617,9,33,0
618,9,34,0
619,9,35,0
620,9,36,1
621,9,37,0
622,9,38,0
623,9,39,0
624,9,40,0
625,9,41,1
626,9,42,1
627,9,43,0
628,9,44,0
629,9,45,1
630,9,46,0
631,9,47,0
632,9,48,0
633,9,49,0
634,9,50,0
635,9,51,0
636,9,52,0
637,9,53,1
638,9,54,0
639,9,55,0
640,9,56,1
641,9,57,0
642,9,58,1
643,9,59,1
644,9,60,1
645,9,61,1
646,9,62,0
647,9,63,0
648,9,64,0
649,9,65,0
650,9,66,0
651,9,67,0
652,9,68,0
653,9,69,0
654,9,70,0
655,9,71,0
656,9,72,0
657,9,73,1
658,10,1,0
659,10,2,0
660,10,3,0
661,10,4,0
662,10,5,0
663,10,6,1
664,10,7,1
665,10,8,0
666,10,9,0
667,10,10,1
668,10,11,1
669,10,12,1
670,10,13,1
671,10,14,1
672,10,15,0
673,10,16,1
674,10,17,1
675,10,18,0
676,10,19,0
677,10,20,0
678,10,21,0
679,10,22,0
680,10,23,0
681,10,24,0
682,10,25,0
683,10,26,0
684,10,27,0
685,10,28,0
686,10,29,0
687,10,30,1
688,10,31,0
689,10,32,0
690,10,33,0
691,10,34,0
692,10,35,0
693,10,36,1
694,10,37,0
695,10,38,0
696,10,39,0
697,10,40,0
698,10,41,1
699,10,42,1
700,10,43,0
701,10,44,1
702,10,45,1
703,10,46,0
704,10,47,0
705,10,48,0
706,10,49,1
707,10,50,1
708,10,51,1
709,10,52,1
710,10,53,1
711,10,54,0
712,10,55,0
713,10,56,0
714,10,57,0
715,10,58,1
716,10,59,1
717,10,60,1
718,10,61,1
719,10,62,0
720,10,63,0
721,10,64,0
722,10,65,0
723,10,66,0
724,10,67,1
725,10,68,0
726,10,69,0
727,10,70,0
728,10,71,0
729,10,72,0
730,10,73,1
731,11,1,0
732,11,2,0
733,11,3,0
734,11,4,0
735,11,5,0
736,11,6,0
737,11,7,1
738,11,8,0
739,11,9,1
740,11,10,1
741,11,11,1
742,11,12,1
743,11,13,0
744,11,14,1
745,11,15,1
746,11,16,1
747,11,17,1
748,11,18,0
749,11,19,0
750,11,20,1
751,11,21,1
752,11,22,0
753,11,23,0
754,11,24,0
755,11,25,0
756,11,26,1
757,11,27,0
758,11,28,0
759,11,29,0
760,11,30,0
761,11,31,0
762,11,32,0
763,11,33,0
764,11,34,0
765,11,35,0
766,11,36,1
767,11,37,0
768,11,38,1
769,11,39,0
770,11,40,0
771,11,41,1
772,11,42,1
773,11,43,1
774,11,44,1
775,11,45,0
776,11,46,1
777,11,47,0
778,11,48,0
779,11,49,1
780,11,50,1
781,11,51,0
782,11,52,0
783,11,53,1
784,11,54,0
785,11,55,0
786,11,56,1
787,11,57,0
788,11,58,1
789,11,59,1
790,11,60,1
791,11,61,1
792,11,62,0
793,11,63,0
794,11,64,0
795,11,65,1
796,11,66,1
797,11,67,0
798,11,68,0
799,11,69,0
800,11,70,0
801,11,71,0
802,11,72,0
803,11,73,1
804,12,1,0
805,12,2,0
806,12,3,0
807,12,4,0
808,12,5,1
809,12,6,0
810,12,7,0
811,12,8,0
812,12,9,0
813,12,10,1
814,12,11,1
815,12,12,0
816,12,13,1
817,12,14,0
818,12,15,1
819,12,16,1
820,12,17,1
821,12,18,0
822,12,19,0
823,12,20,0
824,12,21,0
825,12,22,0
826,12,23,0
827,12,24,0
828,12,25,0
829,12,26,1
830,12,27,0
831,12,28,0
832,12,29,0
833,12,30,0
834,12,31,0
835,12,32,0
836,12,33,0
837,12,34,0
838,12,35,0
839,12,36,0
840,12,37,1
841,12,38,1
842,12,39,0
843,12,40,0
844,12,41,1
845,12,42,1
846,12,43,1
847,12,44,1
848,12,45,1
849,12,46,0
850,12,47,0
851,12,48,0
852,12,49,1
853,12,50,1
854,12,51,0
855,12,52,0
856,12,53,1
857,12,54,0
858,12,55,0
859,12,56,1
860,12,57,0
861,12,58,1
862,12,59,1
863,12,60,1
864,12,61,1
865,12,62,0
866,12,63,0
867,12,64,0
868,12,65,1
869,12,66,1
870,12,67,1
871,12,68,1
872,12,69,1
873,12,70,0
874,12,71,0
875,12,72,0
876,12,73,1
877,13,1,0
878,13,2,0
879,13,3,0
880,13,4,0
881,13,5,0
882,13,6,0
883,13,7,1
884,13,8,0
885,13,9,0
886,13,10,1
887,13,11,1
888,13,12,1
889,13,13,0
890,13,14,0
891,13,15,1
892,13,16,1
893,13,17,1
894,13,18,0
895,13,19,0
896,13,20,1
897,13,21,1
898,13,22,0
899,13,23,0
900,13,24,0
901,13,25,0
902,13,26,0
903,13,27,0
904,13,28,0
905,13,29,0
906,13,30,0
907,13,31,0
908,13,32,0
909,13,33,0
910,13,34,0
911,13,35,0
912,13,36,1
913,13,37,0
914,13,38,0
915,13,39,0
916,13,40,0
917,13,41,1
918,13,42,1
919,13,43,1
920,13,44,1
921,13,45,1
922,13,46,0
923,13,47,0
924,13,48,0
925,13,49,0
926,13,50,0
927,13,51,0
928,13,52,0
929,13,53,1
930,13,54,0
931,13,55,0
932,13,56,0
933,13,57,1
934,13,58,1
935,13,59,1
936,13,60,1
937,13,61,1
938,13,62,0
939,13,63,0
940,13,64,0
941,13,65,0
942,13,66,0
943,13,67,0
944,13,68,1
945,13,69,1
946,13,70,1
947,13,71,1
948,13,72,0
949,13,73,0
950,14,1,0
951,14,2,0
952,14,3,0
953,14,4,0
954,14,5,0
955,14,6,0
956,14,7,0
957,14,8,0
958,14,9,0
959,14,10,0
960,14,11,0
961,14,12,0
962,14,13,0
963,14,14,0
964,14,15,0
965,14,16,1
966,14,17,1
967,14,18,0
968,14,19,0
969,14,20,0
970,14,21,0
971,14,22,0
972,14,23,0
973,14,24,0
974,14,25,0
975,14,26,0
976,14,27,0
977,14,28,0
978,14,29,0
979,14,30,0
980,14,31,0
981,14,32,0
982,14,33,0
983,14,34,0
984,14,35,0
985,14,36,0
986,14,37,0
987,14,38,0
988,14,39,0
989,14,40,0
990,14,41,1
991,14,42,1
992,14,43,1
993,14,44,1
994,14,45,0
995,14,46,0
996,14,47,0
997,14,48,0
998,14,49,1
999,14,50,1
1000,14,51,0
1001,14,52,0
1002,14,53,1
1003,14,54,0
1004,14,55,0
1005,14,56,1
1006,14,57,1
1007,14,58,1
1008,14,59,1
1009,14,60,0
1010,14,61,0
1011,14,62,0
1012,14,63,0
1013,14,64,1
1014,14,65,1
1015,14,66,1
1016,14,67,1
1017,14,68,1
1018,14,69,1
1019,14,70,1
1020,14,71,1
1021,14,72,0
1022,14,73,0
1023,15,1,0
1024,15,2,0
1025,15,3,0
1026,15,4,0
1027,15,5,0
1028,15,6,0
1029,15,7,0
1030,15,8,0
1031,15,9,0
1032,15,10,0
1033,15,11,0
1034,15,12,0
1035,15,13,0
1036,15,14,1
1037,15,15,1
1038,15,16,0
1039,15,17,1
1040,15,18,0
1041,15,19,0
1042,15,20,0
1043,15,21,0
1044,15,22,0
1045,15,23,0
1046,15,24,0
1047,15,25,0
1048,15,26,0
1049,15,27,0
1050,15,28,0
1051,15,29,0
1052,15,30,0
1053,15,31,0
1054,15,32,0
1055,15,33,0
1056,15,34,0
1057,15,35,0
1058,15,36,1
1059,15,37,0
1060,15,38,0
1061,15,39,0
1062,15,40,0
1063,15,41,1
1064,15,42,1
1065,15,43,0
1066,15,44,0
1067,15,45,0
1068,15,46,0
1069,15,47,0
1070,15,48,0
1071,15,49,0
1072,15,50,0
1073,15,51,0
1074,15,52,0
1075,15,53,1
1076,15,54,0
1077,15,55,0
1078,15,56,1
1079,15,57,1
1080,15,58,1
1081,15,59,1
1082,15,60,1
1083,15,61,1
1084,15,62,0
1085,15,63,0
1086,15,64,0
1087,15,65,0
1088,15,66,0
1089,15,67,0
1090,15,68,0
1091,15,69,0
1092,15,70,0
1093,15,71,0
1094,15,72,0
1095,15,73,0
1096,16,1,0
1097,16,2,0
1098,16,3,0
1099,16,4,0
1100,16,5,0
1101,16,6,0
1102,16,7,0
1103,16,8,0
1104,16,9,0
1105,16,10,1
1106,16,11,1
1107,16,12,0
1108,16,13,0
1109,16,14,0
1110,16,15,1
1111,16,16,1
1112,16,17,1
1113,16,18,1
1114,16,19,0
1115,16,20,0
1116,16,21,0
1117,16,22,0
1118,16,23,0
1119,16,24,0
1120,16,25,0
1121,16,26,1
1122,16,27,0
1123,16,28,0
1124,16,29,0
1125,16,30,0
1126,16,31,0
1127,16,32,0
1128,16,33,0
1129,16,34,0
1130,16,35,0
1131,16,36,1
1132,16,37,0
1133,16,38,0
1134,16,39,0
1135,16,40,0
1136,16,41,1
1137,16,42,1
1138,16,43,1
1139,16,44,1
1140,16,45,0
1141,16,46,0
1142,16,47,0
1143,16,48,0
1144,16,49,1
1145,16,50,1
1146,16,51,0
1147,16,52,0
1148,16,53,1
1149,16,54,0
1150,16,55,0
1151,16,56,0
1152,16,57,1
1153,16,58,0
1154,16,59,0
1155,16,60,0
1156,16,61,0
1157,16,62,0
1158,16,63,0
1159,16,64,1
1160,16,65,1
1161,16,66,1
1162,16,67,1
1163,16,68,1
1164,16,69,1
1165,16,70,1
1166,16,71,1
1167,16,72,0
1168,16,73,1
1169,17,1,0
1170,17,2,0
1171,17,3,0
1172,17,4,0
1173,17,5,0
1174,17,6,0
1175,17,7,0
1176,17,8,0
1177,17,9,0
1178,17,10,0
1179,17,11,0
1180,17,12,0
1181,17,13,0
1182,17,14,0
1183,17,15,0
1184,17,16,1
1185,17,17,0
1186,17,18,0
1187,17,19,0
1188,17,20,0
1189,17,21,0
1190,17,22,0
1191,17,23,0
1192,17,24,0
1193,17,25,0
1194,17,26,0
1195,17,27,0
1196,17,28,0
1197,17,29,0
1198,17,30,0
1199,17,31,0
1200,17,32,0
1201,17,33,0
1202,17,34,0
1203,17,35,0
1204,17,36,0
1205,17,37,0
1206,17,38,0
1207,17,39,0
1208,17,40,0
1209,17,41,1
1210,17,42,1
1211,17,43,0
1212,17,44,0
1213,17,45,0
1214,17,46,0
1215,17,47,0
1216,17,48,0
1217,17,49,0
1218,17,50,0
1219,17,51,0
1220,17,52,0
1221,17,53,1
1222,17,54,0
1223,17,55,0
1224,17,56,0
1225,17,57,0
1226,17,58,1
1227,17,59,1
1228,17,60,0
1229,17,61,0
1230,17,62,0
1231,17,63,0
1232,17,64,1
1233,17,65,1
1234,17,66,1
1235,17,67,0
1236,17,68,0
1237,17,69,0
1238,17,70,0
1239,17,71,0
1240,17,72,0
1241,17,73,1
1242,18,1,1
1243,18,2,1
1244,18,3,1
1245,18,4,1
1246,18,5,1
1247,18,6,1
1248,18,7,0
1249,18,8,1
1250,18,9,1
1251,18,10,1
1252,18,11,1
1253,18,12,1
1254,18,13,1
1255,18,14,1
1256,18,15,1
1257,18,16,0
1258,18,17,1
1259,18,18,0
1260,18,19,0
1261,18,20,0
1262,18,21,0
1263,18,22,0
1264,18,23,0
1265,18,24,0
1266,18,25,0
1267,18,26,0
1268,18,27,0
1269,18,28,0
1270,18,29,0
1271,18,30,0
1272,18,31,0
1273,18,32,0
1274,18,33,0
1275,18,34,0
1276,18,35,0
1277,18,36,0
1278,18,37,0
1279,18,38,0
1280,18,39,1
1281,18,40,0
1282,18,41,1
1283,18,42,1
1284,18,43,1
1285,18,44,1
1286,18,45,0
1287,18,46,0
1288,18,47,0
1289,18,48,0
1290,18,49,1
1291,18,50,0
1292,18,51,0
1293,18,52,0
1294,18,53,1
1295,18,54,0
1296,18,55,0
1297,18,56,0
1298,18,57,0
1299,18,58,0
1300,18,59,0
1301,18,60,0
1302,18,61,0
1303,18,62,0
1304,18,63,0
1305,18,64,0
1306,18,65,0
1307,18,66,0
1308,18,67,1
1309,18,68,0
1310,18,69,0
1311,18,70,0
1312,18,71,0
1313,18,72,0
1314,18,73,1
1315,19,1,0
1316,19,2,0
1317,19,3,0
1318,19,4,0
1319,19,5,0
1320,19,6,0
1321,19,7,0
1322,19,8,0
1323,19,9,1
1324,19,10,1
1325,19,11,1
1326,19,12,0
1327,19,13,1
1328,19,14,0
1329,19,15,1
1330,19,16,0
1331,19,17,1
1332,19,18,0
1333,19,19,0
1334,19,20,1
1335,19,21,1
1336,19,22,0
1337,19,23,0
1338,19,24,0
1339,19,25,0
1340,19,26,0
1341,19,27,0
1342,19,28,1
1343,19,29,1
1344,19,30,0
1345,19,31,0
1346,19,32,0
1347,19,33,0
1348,19,34,0
1349,19,35,0
1350,19,36,1
1351,19,37,0
1352,19,38,0
1353,19,39,0
1354,19,40,0
1355,19,41,0
1356,19,42,0
1357,19,43,0
1358,19,44,0
1359,19,45,0
1360,19,46,0
1361,19,47,0
1362,19,48,0
1363,19,49,0
1364,19,50,0
1365,19,51,0
1366,19,52,0
1367,19,53,0
1368,19,54,0
1369,19,55,0
1370,19,56,0
1371,19,57,0
1372,19,58,0
1373,19,59,0
1374,19,60,0
1375,19,61,0
1376,19,62,0
1377,19,63,0
1378,19,64,0
1379,19,65,0
1380,19,66,0
1381,19,67,0
1382,19,68,0
1383,19,69,0
1384,19,70,0
1385,19,71,0
1386,19,72,0
1387,19,73,0
1388,20,1,1
1389,20,2,0
1390,20,3,1
1391,20,4,1
1392,20,5,0
1393,20,6,1
1394,20,7,0
1395,20,8,1
1396,20,9,1
1397,20,10,1
1398,20,11,1
1399,20,12,0
1400,20,13,0
1401,20,14,0
1402,20,15,0
1403,20,16,1
1404,20,17,1
1405,20,18,1
1406,20,19,0
1407,20,20,1
1408,20,21,1
1409,20,22,1
1410,20,23,0
1411,20,24,0
1412,20,25,0
1413,20,26,1
1414,20,27,1
1415,20,28,1
1416,20,29,0
1417,20,30,1
1418,20,31,0
1419,20,32,1
1420,20,33,0
1421,20,34,0
1422,20,35,0
1423,20,36,0
1424,20,37,0
1425,20,38,0
1426,20,39,0
1427,20,40,0
1428,20,41,0
1429,20,42,0
1430,20,43,1
1431,20,44,1
1432,20,45,0
1433,20,46,0
1434,20,47,0
1435,20,48,0
1436,20,49,0
1437,20,50,0
1438,20,51,0
1439,20,52,0
1440,20,53,0
1441,20,54,0
1442,20,55,0
1443,20,56,0
1444,20,57,0
1445,20,58,0
1446,20,59,0
1447,20,60,0
1448,20,61,0
1449,20,62,0
1450,20,63,0
1451,20,64,0
1452,20,65,0
1453,20,66,0
1454,20,67,0
1455,20,68,0
1456,20,69,0
1457,20,70,0
1458,20,71,0
1459,20,72,0
1460,20,73,0
1461,21,1,1
1462,21,2,1
1463,21,3,1
1464,21,4,1
1465,21,5,0
1466,21,6,0
1467,21,7,1
1468,21,8,1
1469,21,9,1
1470,21,10,1
1471,21,11,1
1472,21,12,0
1473,21,13,0
1474,21,14,0
1475,21,15,0
1476,21,16,1
1477,21,17,1
1478,21,18,0
1479,21,19,0
1480,21,20,1
1481,21,21,1
1482,21,22,1
1483,21,23,0
1484,21,24,0
1485,21,25,1
1486,21,26,0
1487,21,27,1
1488,21,28,1
1489,21,29,0
1490,21,30,1
1491,21,31,1
1492,21,32,0
1493,21,33,0
1494,21,34,0
1495,21,35,0
1496,21,36,0
1497,21,37,0
1498,21,38,0
1499,21,39,0
1500,21,40,0
1501,21,41,0
1502,21,42,0
1503,21,43,0
1504,21,44,0
1505,21,45,0
1506,21,46,0
1507,21,47,0
1508,21,48,0
1509,21,49,0
1510,21,50,0
1511,21,51,0
1512,21,52,0
1513,21,53,0
1514,21,54,0
1515,21,55,0
1516,21,56,0
1517,21,57,0
1518,21,58,0
1519,21,59,0
1520,21,60,0
1521,21,61,0
1522,21,62,0
1523,21,63,0
1524,21,64,0
1525,21,65,0
1526,21,66,0
1527,21,67,0
1528,21,68,0
1529,21,69,0
1530,21,70,0
1531,21,71,0
1532,21,72,1
1533,21,73,0
1534,22,1,0
1535,22,2,0
1536,22,3,0
1537,22,4,0
1538,22,5,0
1539,22,6,0
1540,22,7,1
1541,22,8,0
1542,22,9,0
1543,22,10,1
1544,22,11,1
1545,22,12,0
1546,22,13,1
1547,22,14,0
1548,22,15,0
1549,22,16,1
1550,22,17,1
1551,22,18,1
1552,22,19,0
1553,22,20,1
1554,22,21,1
1555,22,22,1
1556,22,23,1
1557,22,24,0
1558,22,25,1
1559,22,26,1
1560,22,27,1
1561,22,28,1
1562,22,29,0
1563,22,30,1
1564,22,31,1
1565,22,32,0
1566,22,33,0
1567,22,34,0
1568,22,35,0
1569,22,36,0
1570,22,37,0
1571,22,38,0
1572,22,39,0
1573,22,40,0
1574,22,41,1
1575,22,42,1
1576,22,43,0
1577,22,44,0
1578,22,45,0
1579,22,46,0
1580,22,47,0
1581,22,48,0
1582,22,49,0
1583,22,50,0
1584,22,51,0
1585,22,52,0
1586,22,53,0
1587,22,54,0
1588,22,55,0
1589,22,56,0
1590,22,57,0
1591,22,58,0
1592,22,59,0
1593,22,60,0
1594,22,61,0
1595,22,62,0
1596,22,63,0
1597,22,64,0
1598,22,65,0
1599,22,66,0
1600,22,67,0
1601,22,68,0
1602,22,69,0
1603,22,70,0
1604,22,71,0
1605,22,72,0
1606,22,73,1
1607,23,1,1
1608,23,2,0
1609,23,3,1
1610,23,4,1
1611,23,5,0
1612,23,6,0
1613,23,7,0
1614,23,8,1
1615,23,9,1
1616,23,10,1
1617,23,11,1
1618,23,12,1
1619,23,13,0
1620,23,14,0
1621,23,15,0
1622,23,16,0
1623,23,17,0
1624,23,18,0
1625,23,19,0
1626,23,20,0
1627,23,21,0
1628,23,22,1
1629,23,23,0
1630,23,24,0
1631,23,25,0
1632,23,26,0
1633,23,27,0
1634,23,28,0
1635,23,29,0
1636,23,30,1
1637,23,31,0
1638,23,32,0
1639,23,33,0
1640,23,34,0
1641,23,35,0
1642,23,36,0
1643,23,37,0
1644,23,38,0
1645,23,39,0
1646,23,40,0
1647,23,41,0
1648,23,42,0
1649,23,43,0
1650,23,44,0
1651,23,45,0
1652,23,46,0
1653,23,47,0
1654,23,48,0
1655,23,49,0
1656,23,50,0
1657,23,51,0
1658,23,52,0
1659,23,53,0
1660,23,54,0
1661,23,55,0
1662,23,56,0
1663,23,57,0
1664,23,58,0
1665,23,59,0
1666,23,60,0
1667,23,61,0
1668,23,62,0
1669,23,63,0
1670,23,64,0
1671,23,65,0
1672,23,66,0
1673,23,67,0
1674,23,68,0
1675,23,69,0
1676,23,70,0
1677,23,71,0
1678,23,72,0
1679,23,73,0
1680,24,1,1
1681,24,2,0
1682,24,3,1
1683,24,4,1
1684,24,5,0
1685,24,6,0
1686,24,7,0
1687,24,8,1
1688,24,9,1
1689,24,10,1
1690,24,11,1
1691,24,12,0
1692,24,13,0
1693,24,14,0
1694,24,15,0
1695,24,16,1
1696,24,17,0
1697,24,18,1
1698,24,19,0
1699,24,20,1
1700,24,21,0
1701,24,22,1
1702,24,23,0
1703,24,24,0
1704,24,25,0
1705,24,26,0
1706,24,27,0
1707,24,28,1
1708,24,29,0
1709,24,30,0
1710,24,31,0
1711,24,32,0
1712,24,33,0
1713,24,34,0
1714,24,35,0
1715,24,36,0
1716,24,37,0
1717,24,38,0
1718,24,39,0
1719,24,40,0
1720,24,41,0
1721,24,42,0
1722,24,43,0
1723,24,44,0
1724,24,45,0
1725,24,46,0
1726,24,47,0
1727,24,48,0
1728,24,49,0
1729,24,50,0
1730,24,51,0
1731,24,52,0
1732,24,53,0
1733,24,54,0
1734,24,55,0
1735,24,56,0
1736,24,57,0
1737,24,58,0
1738,24,59,0
1739,24,60,0
1740,24,61,0
1741,24,62,0
1742,24,63,0
1743,24,64,0
1744,24,65,0
1745,24,66,0
1746,24,67,0
1747,24,68,0
1748,24,69,0
1749,24,70,0
1750,24,71,0
1751,24,72,0
1752,24,73,0
1753,25,1,1
1754,25,2,0
1755,25,3,1
1756,25,4,1
1757,25,5,0
1758,25,6,0
1759,25,7,0
1760,25,8,0
1761,25,9,1
1762,25,10,1
1763,25,11,1
1764,25,12,0
1765,25,13,0
1766,25,14,0
1767,25,15,0
1768,25,16,1
1769,25,17,1
1770,25,18,0
1771,25,19,0
1772,25,20,1
1773,25,21,1
1774,25,22,1
1775,25,23,0
1776,25,24,0
1777,25,25,0
1778,25,26,1
1779,25,27,1
1780,25,28,0
1781,25,29,0
1782,25,30,1
1783,25,31,1
1784,25,32,0
1785,25,33,0
1786,25,34,0
1787,25,35,0
1788,25,36,0
1789,25,37,0
1790,25,38,0
1791,25,39,0
1792,25,40,0
1793,25,41,0
1794,25,42,0
1795,25,43,0
1796,25,44,0
1797,25,45,0
1798,25,46,0
1799,25,47,0
1800,25,48,0
1801,25,49,0
1802,25,50,0
1803,25,51,0
1804,25,52,0
1805,25,53,0
1806,25,54,0
1807,25,55,0
1808,25,56,0
1809,25,57,0
1810,25,58,0
1811,25,59,0
1812,25,60,0
1813,25,61,0
1814,25,62,0
1815,25,63,0
1816,25,64,0
1817,25,65,0
1818,25,66,0
1819,25,67,0
1820,25,68,0
1821,25,69,0
1822,25,70,0
1823,25,71,0
1824,25,72,1
1825,25,73,0
1826,26,1,1
1827,26,2,0
1828,26,3,1
1829,26,4,1
1830,26,5,0
1831,26,6,0
1832,26,7,0
1833,26,8,0
1834,26,9,1
1835,26,10,0
1836,26,11,0
1837,26,12,0
1838,26,13,0
1839,26,14,0
1840,26,15,0
1841,26,16,0
1842,26,17,0
1843,26,18,0
1844,26,19,0
1845,26,20,1
1846,26,21,0
1847,26,22,0
1848,26,23,0
1849,26,24,0
1850,26,25,0
1851,26,26,1
1852,26,27,0
1853,26,28,0
1854,26,29,0
1855,26,30,0
1856,26,31,0
1857,26,32,0
1858,26,33,0
1859,26,34,0
1860,26,35,0
1861,26,36,0
1862,26,37,0
1863,26,38,0
1864,26,39,0
1865,26,40,0
1866,26,41,0
1867,26,42,0
1868,26,43,0
1869,26,44,0
1870,26,45,0
1871,26,46,0
1872,26,47,0
1873,26,48,0
1874,26,49,0
1875,26,50,0
1876,26,51,0
1877,26,52,0
1878,26,53,0
1879,26,54,0
1880,26,55,0
1881,26,56,0
1882,26,57,0
1883,26,58,0
1884,26,59,0
1885,26,60,0
1886,26,61,0
1887,26,62,0
1888,26,63,0
1889,26,64,0
1890,26,65,0
1891,26,66,0
1892,26,67,0
1893,26,68,0
1894,26,69,0
1895,26,70,0
1896,26,71,0
1897,26,72,1
1898,26,73,0
1899,27,1,1
1900,27,2,0
1901,27,3,0
1902,27,4,0
1903,27,5,0
1904,27,6,0
1905,27,7,0
1906,27,8,0
1907,27,9,1
1908,27,10,1
1909,27,11,1
1910,27,12,0
1911,27,13,0
1912,27,14,0
1913,27,15,0
1914,27,16,1
1915,27,17,0
1916,27,18,0
1917,27,19,0
1918,27,20,0
1919,27,21,1
1920,27,22,1
1921,27,23,0
1922,27,24,0
1923,27,25,0
1924,27,26,0
1925,27,27,1
1926,27,28,1
1927,27,29,0
1928,27,30,1
1929,27,31,1
1930,27,32,1
1931,27,33,1
1932,27,34,1
1933,27,35,0
1934,27,36,0
1935,27,37,0
1936,27,38,0
1937,27,39,0
1938,27,40,0
1939,27,41,0
1940,27,42,0
1941,27,43,0
1942,27,44,0
1943,27,45,0
1944,27,46,0
1945,27,47,0
1946,27,48,0
1947,27,49,0
1948,27,50,0
1949,27,51,0
1950,27,52,0
1951,27,53,0
1952,27,54,0
1953,27,55,0
1954,27,56,0
1955,27,57,0
1956,27,58,0
1957,27,59,0
1958,27,60,0
1959,27,61,0
1960,27,62,0
1961,27,63,0
1962,27,64,0
1963,27,65,0
1964,27,66,0
1965,27,67,0
1966,27,68,0
1967,27,69,0
1968,27,70,0
1969,27,71,0
1970,27,72,1
1971,27,73,0
1972,28,1,1
1973,28,2,1
1974,28,3,1
1975,28,4,1
1976,28,5,0
1977,28,6,0
1978,28,7,0
1979,28,8,0
1980,28,9,1
1981,28,10,0
1982,28,11,0
1983,28,12,0
1984,28,13,0
1985,28,14,0
1986,28,15,0
1987,28,16,0
1988,28,17,0
1989,28,18,0
1990,28,19,0
1991,28,20,0
1992,28,21,0
1993,28,22,1
1994,28,23,0
1995,28,24,0
1996,28,25,0
1997,28,26,0
1998,28,27,0
1999,28,28,0
2000,28,29,0
2001,28,30,0
2002,28,31,0
2003,28,32,0
2004,28,33,0
2005,28,34,0
2006,28,35,0
2007,28,36,0
2008,28,37,0
2009,28,38,0
2010,28,39,0
2011,28,40,0
2012,28,41,0
2013,28,42,0
2014,28,43,0
2015,28,44,0
2016,28,45,0
2017,28,46,0
2018,28,47,0
2019,28,48,0
2020,28,49,0
2021,28,50,0
2022,28,51,0
2023,28,52,0
2024,28,53,0
2025,28,54,0
2026,28,55,0
2027,28,56,0
2028,28,57,0
2029,28,58,0
2030,28,59,0
2031,28,60,0
2032,28,61,0
2033,28,62,0
2034,28,63,0
2035,28,64,0
2036,28,65,0
2037,28,66,0
2038,28,67,0
2039,28,68,0
2040,28,69,0
2041,28,70,0
2042,28,71,0
2043,28,72,1
2044,28,73,0
2045,29,1,1
2046,29,2,1
2047,29,3,1
2048,29,4,1
2049,29,5,1
2050,29,6,1
2051,29,7,0
2052,29,8,0
2053,29,9,1
2054,29,10,1
2055,29,11,1
2056,29,12,0
2057,29,13,0
2058,29,14,0
2059,29,15,0
2060,29,16,0
2061,29,17,0
2062,29,18,0
2063,29,19,0
2064,29,20,0
2065,29,21,0
2066,29,22,0
2067,29,23,0
2068,29,24,0
2069,29,25,0
2070,29,26,0
2071,29,27,0
2072,29,28,0
2073,29,29,0
2074,29,30,0
2075,29,31,0
2076,29,32,0
2077,29,33,0
2078,29,34,0
2079,29,35,0
2080,29,36,0
2081,29,37,1
2082,29,38,0
2083,29,39,0
2084,29,40,0
2085,29,41,0
2086,29,42,0
2087,29,43,0
2088,29,44,0
2089,29,45,0
2090,29,46,0
2091,29,47,0
2092,29,48,0
2093,29,49,0
2094,29,50,0
2095,29,51,0
2096,29,52,0
2097,29,53,0
2098,29,54,0
2099,29,55,0
2100,29,56,0
2101,29,57,0
2102,29,58,0
2103,29,59,0
2104,29,60,0
2105,29,61,0
2106,29,62,0
2107,29,63,0
2108,29,64,0
2109,29,65,0
2110,29,66,0
2111,29,67,0
2112,29,68,0
2113,29,69,0
2114,29,70,0
2115,29,71,0
2116,29,72,0
2117,29,73,0
2118,30,1,1
2119,30,2,0
2120,30,3,0
2121,30,4,0
2122,30,5,0
2123,30,6,1
2124,30,7,1
2125,30,8,1
2126,30,9,0
2127,30,10,1
2128,30,11,1
2129,30,12,1
2130,30,13,1
2131,30,14,1
2132,30,15,0
2133,30,16,1
2134,30,17,1
2135,30,18,0
2136,30,19,0
2137,30,20,1
2138,30,21,1
2139,30,22,0
2140,30,23,0
2141,30,24,0
2142,30,25,0
2143,30,26,0
2144,30,27,0
2145,30,28,0
2146,30,29,0
2147,30,30,0
2148,30,31,0
2149,30,32,0
2150,30,33,0
2151,30,34,0
2152,30,35,0
2153,30,36,0
2154,30,37,1
2155,30,38,1
2156,30,39,1
2157,30,40,1
2158,30,41,1
2159,30,42,1
2160,30,43,0
2161,30,44,0
2162,30,45,0
2163,30,46,0
2164,30,47,0
2165,30,48,0
2166,30,49,1
2167,30,50,0
2168,30,51,0
2169,30,52,0
2170,30,53,0
2171,30,54,0
2172,30,55,0
2173,30,56,0
2174,30,57,1
2175,30,58,0
2176,30,59,0
2177,30,60,0
2178,30,61,0
2179,30,62,0
2180,30,63,0
2181,30,64,0
2182,30,65,0
2183,30,66,0
2184,30,67,0
2185,30,68,0
2186,30,69,0
2187,30,70,0
2188,30,71,0
2189,30,72,1
2190,30,73,0
2191,31,1,1
2192,31,2,0
2193,31,3,1
2194,31,4,1
2195,31,5,0
2196,31,6,1
2197,31,7,0
2198,31,8,0
2199,31,9,1
2200,31,10,0
2201,31,11,0
2202,31,12,0
2203,31,13,0
2204,31,14,0
2205,31,15,0
2206,31,16,0
2207,31,17,0
2208,31,18,0
2209,31,19,0
2210,31,20,0
2211,31,21,0
2212,31,22,0
2213,31,23,0
2214,31,24,0
2215,31,25,0
2216,31,26,0
2217,31,27,0
2218,31,28,0
2219,31,29,0
2220,31,30,0
2221,31,31,0
2222,31,32,0
2223,31,33,0
2224,31,34,0
2225,31,35,0
2226,31,36,0
2227,31,37,1
2228,31,38,1
2229,31,39,0
2230,31,40,0
2231,31,41,1
2232,31,42,1
2233,31,43,0
2234,31,44,0
2235,31,45,0
2236,31,46,0
2237,31,47,0
2238,31,48,0
2239,31,49,0
2240,31,50,0
2241,31,51,0
2242,31,52,0
2243,31,53,0
2244,31,54,0
2245,31,55,0
2246,31,56,0
2247,31,57,0
2248,31,58,0
2249,31,59,0
2250,31,60,0
2251,31,61,0
2252,31,62,0
2253,31,63,0
2254,31,64,0
2255,31,65,0
2256,31,66,0
2257,31,67,0
2258,31,68,0
2259,31,69,0
2260,31,70,0
2261,31,71,0
2262,31,72,1
2263,31,73,1
2264,32,1,1
2265,32,2,1
2266,32,3,1
2267,32,4,1
2268,32,5,0
2269,32,6,1
2270,32,7,1
2271,32,8,1
2272,32,9,1
2273,32,10,0
2274,32,11,0
2275,32,12,1
2276,32,13,1
2277,32,14,1
2278,32,15,0
2279,32,16,0
2280,32,17,0
2281,32,18,0
2282,32,19,0
2283,32,20,0
2284,32,21,0
2285,32,22,0
2286,32,23,0
2287,32,24,0
2288,32,25,0
2289,32,26,0
2290,32,27,0
2291,32,28,0
2292,32,29,0
2293,32,30,0
2294,32,31,0
2295,32,32,0
2296,32,33,0
2297,32,34,0
2298,32,35,0
2299,32,36,1
2300,32,37,0
2301,32,38,0
2302,32,39,1
2303,32,40,1
2304,32,41,0
2305,32,42,0
2306,32,43,0
2307,32,44,0
2308,32,45,0
2309,32,46,0
2310,32,47,0
2311,32,48,0
2312,32,49,0
2313,32,50,0
2314,32,51,0
2315,32,52,0
2316,32,53,0
2317,32,54,0
2318,32,55,0
2319,32,56,0
2320,32,57,0
2321,32,58,0
2322,32,59,0
2323,32,60,0
2324,32,61,0
2325,32,62,0
2326,32,63,0
2327,32,64,0
2328,32,65,0
2329,32,66,0
2330,32,67,0
2331,32,68,0
2332,32,69,0
2333,32,70,0
2334,32,71,0
2335,32,72,0
2336,32,73,0
2337,33,1,1
2338,33,2,0
2339,33,3,0
2340,33,4,0
2341,33,5,0
2342,33,6,0
2343,33,7,0
2344,33,8,0
2345,33,9,0
2346,33,10,0
2347,33,11,0
2348,33,12,0
2349,33,13,0
2350,33,14,0
2351,33,15,1
2352,33,16,0
2353,33,17,0
2354,33,18,0
2355,33,19,0
2356,33,20,0
2357,33,21,0
2358,33,22,0
2359,33,23,0
2360,33,24,0
2361,33,25,0
2362,33,26,0
2363,33,27,0
2364,33,28,0
2365,33,29,0
2366,33,30,0
2367,33,31,0
2368,33,32,0
2369,33,33,0
2370,33,34,0
2371,33,35,0
2372,33,36,1
2373,33,37,0
2374,33,38,0
2375,33,39,0
2376,33,40,0
2377,33,41,0
2378,33,42,0
2379,33,43,0
2380,33,44,0
2381,33,45,0
2382,33,46,0
2383,33,47,0
2384,33,48,0
2385,33,49,0
2386,33,50,0
2387,33,51,0
2388,33,52,0
2389,33,53,1
2390,33,54,0
2391,33,55,0
2392,33,56,1
2393,33,57,1
2394,33,58,1
2395,33,59,0
2396,33,60,0
2397,33,61,0
2398,33,62,0
2399,33,63,0
2400,33,64,0
2401,33,65,0
2402,33,66,0
2403,33,67,1
2404,33,68,0
2405,33,69,0
2406,33,70,1
2407,33,71,1
2408,33,72,0
2409,33,73,1
2410,38,1,0
2411,38,2,0
2412,38,3,0
2413,38,4,0
2414,38,5,0
2415,38,6,0
2416,38,7,0
2417,38,8,0
2418,38,9,0
2419,38,10,0
2420,38,11,0
2421,38,12,0
2422,38,13,0
2423,38,14,0
2424,38,15,0
2425,38,16,0
2426,38,17,0
2427,38,18,0
2428,38,19,0
2429,38,20,0
2430,38,21,0
2431,38,22,0
2432,38,23,0
2433,38,24,0
2434,38,25,0
2435,38,26,0
2436,38,27,0
2437,38,28,0
2438,38,29,0
2439,38,30,0
2440,38,31,0
2441,38,32,0
2442,38,33,0
2443,38,34,0
2444,38,35,0
2445,38,36,0
2446,38,37,0
2447,38,38,0
2448,38,39,0
2449,38,40,0
2450,38,41,0
2451,38,42,0
2452,38,43,0
2453,38,44,0
2454,38,45,0
2455,38,46,0
2456,38,47,0
2457,38,48,0
2458,38,49,0
2459,38,50,0
2460,38,51,0
2461,38,52,0
2462,38,53,0
2463,38,54,0
2464,38,55,0
2465,38,56,0
2466,38,57,0
2467,38,58,0
2468,38,59,0
2469,38,60,0
2470,38,61,0
2471,38,62,0
2472,38,63,0
2473,38,64,0
2474,38,65,0
2475,38,66,0
2476,38,67,0
2477,38,68,0
2478,38,69,0
2479,38,70,0
2480,38,71,0
2481,38,72,0
2482,38,73,0
2483,35,1,0
2484,35,2,0
2485,35,3,0
2486,35,4,0
2487,35,5,0
2488,35,6,0
2489,35,7,0
2490,35,8,0
2491,35,9,0
2492,35,10,0
2493,35,11,0
2494,35,12,0
2495,35,13,0
2496,35,14,0
2497,35,15,0
2498,35,16,0
2499,35,17,0
2500,35,18,0
2501,35,19,0
2502,35,20,0
2503,35,21,0
2504,35,22,0
2505,35,23,0
2506,35,24,0
2507,35,25,0
2508,35,26,0
2509,35,27,0
2510,35,28,0
2511,35,29,0
2512,35,30,0
2513,35,31,0
2514,35,32,0
2515,35,33,0
2516,35,34,0
2517,35,35,0
2518,35,36,0
2519,35,37,0
2520,35,38,0
2521,35,39,0
2522,35,40,0
2523,35,41,0
2524,35,42,0
2525,35,43,0
2526,35,44,0
2527,35,45,0
2528,35,46,0
2529,35,47,0
2530,35,48,0
2531,35,49,0
2532,35,50,0
2533,35,51,0
2534,35,52,0
2535,35,53,0
2536,35,54,0
2537,35,55,0
2538,35,56,0
2539,35,57,0
2540,35,58,0
2541,35,59,0
2542,35,60,0
2543,35,61,0
2544,35,62,0
2545,35,63,0
2546,35,64,0
2547,35,65,0
2548,35,66,0
2549,35,67,0
2550,35,68,0
2551,35,69,0
2552,35,70,0
2553,35,71,0
2554,35,72,0
2555,35,73,0
2556,37,1,0
2557,37,2,0
2558,37,3,0
2559,37,4,0
2560,37,5,0
2561,37,6,0
2562,37,7,0
2563,37,8,0
2564,37,9,0
2565,37,10,0
2566,37,11,0
2567,37,12,0
2568,37,13,0
2569,37,14,0
2570,37,15,0
2571,37,16,0
2572,37,17,0
2573,37,18,0
2574,37,19,0
2575,37,20,0
2576,37,21,0
2577,37,22,0
2578,37,23,0
2579,37,24,0
2580,37,25,0
2581,37,26,0
2582,37,27,0
2583,37,28,0
2584,37,29,0
2585,37,30,0
2586,37,31,0
2587,37,32,0
2588,37,33,0
2589,37,34,0
2590,37,35,0
2591,37,36,0
2592,37,37,0
2593,37,38,0
2594,37,39,0
2595,37,40,0
2596,37,41,0
2597,37,42,0
2598,37,43,0
2599,37,44,0
2600,37,45,0
2601,37,46,0
2602,37,47,0
2603,37,48,0
2604,37,49,0
2605,37,50,0
2606,37,51,0
2607,37,52,0
2608,37,53,0
2609,37,54,0
2610,37,55,0
2611,37,56,0
2612,37,57,0
2613,37,58,0
2614,37,59,0
2615,37,60,0
2616,37,61,0
2617,37,62,0
2618,37,63,0
2619,37,64,0
2620,37,65,0
2621,37,66,0
2622,37,67,0
2623,37,68,0
2624,37,69,0
2625,37,70,0
2626,37,71,0
2627,37,72,0
2628,37,73,0
2629,34,1,0
2630,34,2,0
2631,34,3,0
2632,34,4,0
2633,34,5,0
2634,34,6,0
2635,34,7,0
2636,34,8,0
2637,34,9,0
2638,34,10,0
2639,34,11,0
2640,34,12,0
2641,34,13,0
2642,34,14,0
2643,34,15,0
2644,34,16,0
2645,34,17,0
2646,34,18,0
2647,34,19,0
2648,34,20,0
2649,34,21,0
2650,34,22,0
2651,34,23,0
2652,34,24,0
2653,34,25,0
2654,34,26,0
2655,34,27,0
2656,34,28,0
2657,34,29,0
2658,34,30,0
2659,34,31,0
2660,34,32,0
2661,34,33,0
2662,34,34,0
2663,34,35,0
2664,34,36,0
2665,34,37,0
2666,34,38,0
2667,34,39,0
2668,34,40,0
2669,34,41,0
2670,34,42,0
2671,34,43,0
2672,34,44,0
2673,34,45,0
2674,34,46,0
2675,34,47,0
2676,34,48,0
2677,34,49,0
2678,34,50,0
2679,34,51,0
2680,34,52,0
2681,34,53,0
2682,34,54,0
2683,34,55,0
2684,34,56,0
2685,34,57,0
2686,34,58,0
2687,34,59,0
2688,34,60,0
2689,34,61,0
2690,34,62,0
2691,34,63,0
2692,34,64,0
2693,34,65,0
2694,34,66,0
2695,34,67,0
2696,34,68,0
2697,34,69,0
2698,34,70,0
2699,34,71,0
2700,34,72,0
2701,34,73,0
2702,36,1,0
2703,36,2,0
2704,36,3,0
2705,36,4,0
2706,36,5,0
2707,36,6,0
2708,36,7,0
2709,36,8,0
2710,36,9,0
2711,36,10,0
2712,36,11,0
2713,36,12,0
2714,36,13,0
2715,36,14,0
2716,36,15,0
2717,36,16,0
2718,36,17,0
2719,36,18,0
2720,36,19,0
2721,36,20,0
2722,36,21,0
2723,36,22,0
2724,36,23,0
2725,36,24,0
2726,36,25,0
2727,36,26,0
2728,36,27,0
2729,36,28,0
2730,36,29,0
2731,36,30,0
2732,36,31,0
2733,36,32,0
2734,36,33,0
2735,36,34,0
2736,36,35,0
2737,36,36,0
2738,36,37,0
2739,36,38,0
2740,36,39,0
2741,36,40,0
2742,36,41,0
2743,36,42,0
2744,36,43,0
2745,36,44,0
2746,36,45,0
2747,36,46,0
2748,36,47,0
2749,36,48,0
2750,36,49,0
2751,36,50,0
2752,36,51,0
2753,36,52,0
2754,36,53,0
2755,36,54,0
2756,36,55,0
2757,36,56,0
2758,36,57,0
2759,36,58,0
2760,36,59,0
2761,36,60,0
2762,36,61,0
2763,36,62,0
2764,36,63,0
2765,36,64,0
2766,36,65,0
2767,36,66,0
2768,36,67,0
2769,36,68,0
2770,36,69,0
2771,36,70,0
2772,36,71,0
2773,36,72,0
2774,36,73,0
